0.172505690475863	0.181180168407942	0.0371509697339744	0.6091631713822206	0.809048932919721
0.291994505395971	0.19425501820804	0.11720824171105	0.39654223468493904	0.768055324194139
0.262249675393372	0.0866628109296856	0.0523603830388542	0.5987271306380881	0.888016239403348
0.328830378043087	0.343523014409344	0.0838231275647476	0.2438234799828214	0.647163695482809
0.160542467259846	0.139961726571868	0.0446762725254994	0.6548195336427866	0.843242664979938
0.176716846151129	0.241019798638097	0.0675246459742573	0.5147387092365167	0.743052703634072
0.109807340931571	0.234685793927235	0.0436790262938047	0.6118278388473893	0.755444163096591
0.222853868631576	0.320715827519096	0.115169133533394	0.34126117031593406	0.657866553183963
0.091223003467139	0.190588274581842	0.0578352469444454	0.6603534750065736	0.790766311369603
0.193335299287975	0.228519269419568	0.110782197938005	0.46736323335445196	0.736303412799249
0.326838157035606	0.207455185989358	0.0165691460996806	0.4491375108753554	0.7917079827659
0.261312078603577	0.237477341138442	0.0406849873233173	0.4605255929346637	0.754015650964426
0.120960929434765	0.217400327696319	0.0489515755641016	0.6126871673048144	0.767171376879042
0.178421480297605	0.127911524550092	0.0325361334651194	0.6611308616871836	0.857831374193973
0.354492745847179	0.299257856807059	0.13080970908866	0.21543968825710205	0.676583421910165
0.26220034653392	0.277982281625026	0.0492589748315529	0.41055839700950114	0.712683046470683
0.105057077159125	0.154587001748015	0.120766574451569	0.619589346641291	0.800455640529024
0.230366331227492	0.107214238131091	0.0308381789290849	0.6315812517123321	0.876723644358451
0.279659375140492	0.275006362592812	0.0443102241834816	0.4010240380832144	0.719060046523132
0.2196802251561	0.292255719825604	0.021278807069789	0.466785247948507	0.711247484096239
0.182040309004049	0.374781037110122	0.0511149299934992	0.3920637238923298	0.62338305429239
0.353050427773235	0.205007949429117	0.0646682126325338	0.3772734101651143	0.776626670871976
0.209930221573753	0.360315340784358	0.11503399005971	0.31472044758217904	0.614667997611644
0.245502552149656	0.384856846756889	0.110828086449235	0.25881251464421995	0.602461732426488
0.160127290723424	0.177299657924103	0.0127376297237335	0.6498354216287395	0.821761615358538
0.222864453995435	0.203330442058435	0.106050710497799	0.46775439344833103	0.763223947638628
0.239408563159391	0.241342999918708	0.0155563812677646	0.5036920556541364	0.761306370724014
0.290782051730688	0.323102570574329	0.0959982914950077	0.2901170861999752	0.660524408750521
0.32454623433667	0.321148138378269	0.0768005335562915	0.2775050937287694	0.666174026121068
0.14130405976114	0.301065086665016	0.0378830262197793	0.5197478273540646	0.695076129985317
0.0832306326322017	0.134441677746866	0.0514657774767183	0.730861912144214	0.844598766367624
0.1722546440117	0.317926877494685	0.109783524977529	0.4000349535160861	0.658323045127827
0.332997217595612	0.150475837938989	0.0577591771258187	0.45876776733958036	0.827948131310861
0.17068489004232	0.210440120568752	0.112600396164696	0.5062745932242321	0.752271741381705
0.14605342544198	0.172252513232286	0.00173166798042183	0.6799623933453123	0.828798370871207
0.346079005867839	0.178099812885012	0.0332204485284384	0.4426007327187106	0.813368683122513
0.332090554149657	0.102450645084324	0.070149951443085	0.49530884932293395	0.867099016289289
0.180193395254148	0.205270769775616	0.0993847155480269	0.5151511194222091	0.762672091484043
0.371764476628353	0.318443981250474	0.116846625768317	0.192944916352856	0.662657725000773
0.158716453112395	0.143449609406683	0.138070878013424	0.5597630594674979	0.8017376167338
0.18720329142029	0.308513723745093	0.0293432645487584	0.47493972028585857	0.692872251751916
0.265509747220602	0.31017452740513	0.0477376119432824	0.3765781134309855	0.685099469392412
0.230223294824973	0.318686305639168	0.0643183255204344	0.3867720740154247	0.66981156606203
0.274926140753708	0.286730487901254	0.148331505630851	0.29001186571418697	0.672712895922206
0.267219320636666	0.209938059898477	0.0183921798231344	0.5044504396417226	0.789149867735156
0.341265842479344	0.324651262139609	0.0262005983955396	0.3078822969855074	0.68119474578782
0.284514558761574	0.318485911574453	0.120897005916938	0.2761025237470349	0.657476029794211
0.301356675988837	0.308250168016612	0.0529750257704374	0.33741813022411365	0.686199666090259
0.182391813808766	0.208405609371916	0.0671590016108902	0.5420435752084278	0.773118761556159
0.317702129286672	0.245900052038586	0.04855522873066	0.38784258994408205	0.745304040323917
0.274433062068993	0.28727683117006	0.0697115934132266	0.36857851334772046	0.699066285287109
0.299003421565792	0.271919374301365	0.0667361226524991	0.36234108148034394	0.711979380323925
0.344728398469203	0.362103707767732	0.135638425913136	0.15752946784992902	0.616156294267405
0.335033878358479	0.161783281913593	0.051015662854665	0.45216717687326297	0.821732474567382
0.24133125002248	0.246508031703242	0.114305515312102	0.397855202962176	0.720670762022197
0.154278981607182	0.298863769422969	0.0592641327872184	0.48759311618263057	0.690308977405395
0.288661807735299	0.302973518505314	0.050659899243119	0.3577047745162681	0.6919757686857
0.154917886559996	0.330509716244415	0.146306422595958	0.3682659745996309	0.640962681948943
0.233417436439129	0.323463084173977	0.0803002319433251	0.36281924744356886	0.662580981671845
0.243654497804869	0.119882149442645	0.0818691665053128	0.5545941862471732	0.845977827264053
0.21523626138219	0.295847009634955	0.0712291244257617	0.4176876045570933	0.690683932972989
0.125006913974861	0.140912062926311	0.0648075407993076	0.6692734822995204	0.835502727670891
0.26725277868162	0.261321561897528	0.103946039434429	0.36747961998642303	0.709596772530672
0.341753780942525	0.198371879297384	0.0539406916014099	0.40593364815868105	0.784332653528832
0.312067497009469	0.164576309394059	0.0636421067008688	0.4597140868956032	0.813098108904307
0.128094997323588	0.343739708863683	0.175246244635439	0.35291904917729	0.613458856210471
0.176434604304841	0.33304716457082	0.068300878700885	0.42221735242345393	0.658994418748988
0.32075643853422797	0.293197249601687	0.107284740824424	0.278761571039661	0.684489175661967
0.0813079207734851	0.170787177376966	0.0890277886957726	0.6588771131537763	0.798318284488677
0.347533432634706	0.190657900316681	0.0433694207928459	0.41843924625576717	0.796047280058503
0.137594000377438	0.35767998749799	0.075064942024542	0.42966107010003	0.634690014994871
0.342474142547307	0.196519196221417	0.0448657736512916	0.41614088757998435	0.791283417520763
0.218805918131243	0.160214440340015	0.0626653896948586	0.5583142518338835	0.818406889275668
0.264300127270998	0.244493217573738	0.0363032264254489	0.45490342872981515	0.74962685310038
0.255310076098908	0.319742266958954	0.0603973646705952	0.3645502922715428	0.673587981063397
0.365967861064207	0.11741644533518	0.0974795426413704	0.4191361509592426	0.838732541146657
0.164884638257099	0.236820755219336	0.0263899507686503	0.5719046557549148	0.760223079535483
0.340915993975725	0.130297642026745	0.0545673773343172	0.4742189866632129	0.850581377429346
0.30647407659537	0.200136491915941	0.0787101779879811	0.414679253500708	0.775700351218611
0.177679909251761	0.24883409638848	0.103355488045227	0.470130506314532	0.723880460186802
0.0985995856011292	0.338928893469656	0.0827883106855954	0.47968321024361943	0.647850161081903
0.428821074345827	0.168670330528959	0.0109503058141907	0.3915582893110234	0.829755288197366
0.15878657470492	0.370981332136131	0.0703842761931544	0.39984781696579463	0.622990658660438
0.156442327672147	0.343505325136066	0.14381360859904	0.356238738592747	0.624084008746724
0.0699931980156631	0.225521731271393	0.0761820291861151	0.6283030415268289	0.750377785341964
0.0484804426315113	0.14089430123433	0.0740081122021757	0.736617143931983	0.830441453239666
0.226775007510508	0.137168904109267	0.0106896313517395	0.6253664570284856	0.858741657851478
0.255750363328699	0.234942429570165	0.0251186441427424	0.4841885629583936	0.764526459370876
0.206683466276778	0.158251667588209	0.0365050645971208	0.5985598015378922	0.826957397081923
0.284503927094781	0.266162262236844	0.0553886148144902	0.39394519585388477	0.723711847900088
0.32409140899939	0.233142050933055	0.0534561628464072	0.38931037722114775	0.757606460270699
0.106751679029302	0.163750232874226	0.00318539670961392	0.7263126913868582	0.837435247587303
0.250836170888386	0.404496888204892	0.0737246596906926	0.2709422812160295	0.5930327809356
0.19977514617036	0.258880679237432	0.150580817892307	0.39076335669990103	0.697354355365067
0.231601117514041	0.234772040190374	0.118994723621064	0.414632118674521	0.728055030511609
0.0498700140064599	0.142545335643561	0.0277278217209432	0.7798568286290359	0.846078362513523
0.335815940160032	0.143539118186227	0.03590450399248	0.48474043766126096	0.844433382331579
0.319527095900246	0.287597991151001	0.0570216715830342	0.3358532413657187	0.703147003078019
0.150764148352564	0.204289295122731	0.0795885366300918	0.5653580198946132	0.766219667544967
0.190400035793335	0.170346659082156	0.0905912666092663	0.5486620385152428	0.796895244743128
0.17913513259653	0.276727824093118	0.0873750839637076	0.4567619593466443	0.699452126873969
0.240555120461236	0.32699287954976	0.0152910379928958	0.4171609619961083	0.681962286862959
0.0791979665198223	0.263567049925616	0.0375519185272674	0.6196830650272943	0.731168758958874
0.163689802329484	0.177251553076032	0.142681209152166	0.5163774354423181	0.76943722592913
0.253530349145553	0.218605265320591	0.0498064754226774	0.47805791011117865	0.767746441423741
0.162414021770568	0.225296812150324	0.0722314067596737	0.5400577593194344	0.751354470220035
0.303154278847346	0.205245721780146	0.0306457891136859	0.4609542102588221	0.788569542971435
0.257042707469447	0.10830132188865	0.0775271828080697	0.5571287878338332	0.8582297883681
0.248641803728581	0.3186606365528	0.144149835759908	0.288547723958711	0.647004407297481
0.255120658839333	0.367516062199518	0.125548499378784	0.251814779582365	0.610053528556308
0.24542556425674	0.269728060796254	0.0445052552020173	0.4403411197449887	0.724416746869555
0.357658356887186	0.204819790038186	0.0992899997388277	0.33823185333580025	0.762341818767151
0.0756784101031712	0.361879626802855	0.0596102500662187	0.5028317130277551	0.63198829654089
0.311860115266941	0.0176487127384846	0.105925234608875	0.5645659373856994	0.930980000396695
0.374171307396901	0.186351173344528	0.0297449858420725	0.4097325334164984	0.808046876272426
0.214108264459883	0.146071437662538	0.0688403850255665	0.5709799128520123	0.828464852230655
0.245492651665288	0.23574666510323	0.0448713277156645	0.47388935551581746	0.754866464949619
0.303876239790488	0.361101498194972	0.0677707662262034	0.2672514957883366	0.635298945545399
0.182483122449586	0.305579475076746	0.105531835912908	0.40640556656076005	0.674220601504027
0.209346178170928	0.247692919935772	0.00186779412087824	0.5410931077724217	0.761925609196294
0.382613020691346	0.180089255874271	0.0260357465372178	0.41126197689716515	0.814132825465561
0.219567674344375	0.244499066434053	0.0834372588799922	0.4524960003415798	0.731695994255062
0.163227583882354	0.221024803795728	0.0688614764947808	0.5468861358271372	0.759007922970273
0.136607596877	0.301474401256586	0.126868776861106	0.43504922500530807	0.667917087624377
0.336179154564887	0.265639306416533	0.0342389840550435	0.3639425549635365	0.73121729601846
0.30116889392928903	0.16052413197038	0.0639958194217095	0.4743111546786215	0.814016916169828
0.258154903568145	0.303538271920187	0.104180141234194	0.334126683277474	0.675906950853919
0.197655955369926	0.22589672172622	0.0659302238740782	0.5105170990297758	0.755493076246604
0.428184077350257	0.309779511210866	0.0304394490305807	0.2315969624082963	0.695618615742905
0.118150201173642	0.178286084479717	0.0687774903520166	0.6347862239946245	0.796939228690436
0.191599950469697	0.0256270190150249	0.0730275117142969	0.7097455188009811	0.937464483730436
0.0203704100214396	0.23251489340313	0.122758763832396	0.6243559327430344	0.725859594489671
0.257076095248159	0.139438120165548	0.0523426879697957	0.5511430966164973	0.841932002796979
0.235766565151808	0.179993310921364	0.0589562387481066	0.5252838851787214	0.802806121280148
0.209514785892911	0.115618753539217	0.0422883263990784	0.6325781341687936	0.867178235304265
0.261129411489431	0.1056958476842	0.0801093241433809	0.5530654166829881	0.861092419013576
0.147991989230642	0.27343726675117	0.0917491865233959	0.48682155749479206	0.701643464210439
0.120342301900464	0.0952300728281151	0.0730828660630665	0.7113447592083544	0.872283291593419
0.444641383767402	0.267229864261625	0.0515153197716042	0.2366134321993689	0.726479118973019
0.28867057325309	0.250327403544926	0.0511628244537388	0.4098391987482452	0.739965203372824
0.169312203473983	0.259128675089987	0.00671785058456133	0.5648412708514687	0.747267864124321
0.15026221090464	0.316152763913054	0.0701171457480469	0.4634678794342591	0.674230972098038
0.0824986430091867	0.26664797880793	0.162355671829249	0.4884977063536342	0.684597497133269
0.366785811247961	0.0580879293674743	0.0930973266456277	0.48202893273893704	0.899670799670215
0.301244762046463	0.244468960366172	2.43611956379938e-4	0.45404266563098505	0.764181607460054
0.211963023303719	0.211817423502663	0.114079754188477	0.46213979900514107	0.747305752444419
0.243685729307453	0.187273009058447	0.035204917743776	0.533836343890324	0.803745757320818
0.119628684183696	0.182897966871144	0.129454309383561	0.5680190395615989	0.771235038487413
0.0957695089237573	0.285261478090767	0.118668054350336	0.5003009586351397	0.68455105874979
0.256525375009749	0.374099375011417	0.0584686506553868	0.3109065993234473	0.623379262175351
0.195509069778102	0.328454908084372	0.082718400704304	0.393317621433222	0.65419558779104
0.401064777729591	0.347414227966312	0.0236425052900771	0.22787848901401986	0.660364665081416
0.238170809315837	0.283726781339399	0.044679393626072	0.433423015718692	0.709420841992293
0.209748331658132	0.212184127723101	0.0615211379266239	0.516546402692143	0.767367595167343
0.111271556151516	0.247563012419325	0.0494082470985897	0.5917571843305693	0.741322615257889
0.209807533619356	0.310912302865845	0.115428513328218	0.363851650186581	0.666615707429847
0.400682866437978	0.29912141056695	0.0592452690750965	0.24095045391997547	0.695102817419197
0.159299141985052	0.162179408313277	0.032120177691605	0.6464012720100659	0.82790694097685
0.335797711289992	0.33780437590066	0.0383406791821747	0.2880572336271734	0.662539365666921
0.404828753458529	0.297509766177732	0.0714595617430308	0.2262019186207082	0.696482938504271
0.329639545828031	0.310383655624609	0.0556587249899023	0.30431807355745766	0.683135567739383
0.0960136000480126	0.316112021213468	0.119440490813216	0.46843388792530344	0.654904460871852
0.133787700624164	0.168927686538614	0.0813180063469822	0.6159666064902398	0.801112572283878
0.20687183603694	0.307543522046444	0.0721741684322078	0.4134104734844082	0.67945313115411
0.304163036337345	0.282235090447121	0.0997975537472391	0.31380431946829496	0.694921094135704
0.29678428614146	0.191448545609024	0.0617041991620937	0.45006296908742227	0.790152313203936
0.178509664881327	0.287857004187457	0.0757992544393306	0.4578340764918854	0.69462592879334
0.394336775109577	0.274371919857597	0.0178592823290234	0.3134320227038026	0.730354439539042
0.249684212858268	0.242524583121866	0.0666037428045959	0.4411874612152701	0.741205757155572
0.417642763586615	0.286966581498137	0.117807210622489	0.17758344429275902	0.691933211127133
0.125121850025501	0.254645195685819	0.055200228750496703	0.5650327255381833	0.732257046677999
0.348328266576058	0.219191086144816	0.0268346992950455	0.40564594798408055	0.777883714829419
0.321494278420659	0.0907602486985136	0.0544849069240177	0.5332605659568097	0.886397270520816
0.240797180198764	0.276096582060298	0.0380511494990435	0.44505508824189444	0.71945532111311
0.364012857090472	0.222778844402171	0.0217957447020645	0.39141255380529255	0.776182583453157
0.422395475867641	0.239673214159244	0.0345721726223588	0.30335913735075626	0.759331356172749
0.222415308195758	0.207024273411935	0.056860519713202	0.5136998986791049	0.776466603400485
0.422467667477237	0.28598306356347	0.0390014963954117	0.2525477725638814	0.712408133452719
0.410788632241383	0.273657993548492	0.0468700996785554	0.26868327453156965	0.719192043047703
0.225547493772291	0.266151793541269	0.00657630579483139	0.5017244068916087	0.741735083079322
0.224746119128044	0.131260015272609	0.101972861037012	0.542021004562335	0.828477523538659
0.338745988007246	0.339845332245961	0.0465641789360943	0.2748445008106988	0.659000256949051
0.203811907934743	0.326989335141477	0.071118996424178	0.398079760499602	0.66441633367358
0.20992897366659	0.217092416162395	0.0528706153626	0.5201079948084151	0.770356494539121
0.155381219179653	0.175243238833401	0.00493114412248236	0.6644443978644636	0.827993021206887
0.187183362625216	0.160594829605864	0.112728855799475	0.539492951969445	0.797850231571726
0.29689822148493	0.230273070725047	0.0455963028613506	0.42723240492867237	0.759946444071791
0.213333166456401	0.303560140491978	0.05202190610304	0.431084786948581	0.689945181314011
0.422937845209869	0.34967154765734	0.0239058917171917	0.20348471541559932	0.657627026649372
0.126825956533452	0.31851848570696	0.142728457971175	0.41192709978841296	0.650235491232087
0.232606074649507	0.159078536742821	0.0995997980107107	0.5087155905969613	0.805426327261519
0.291816248381341	0.366454376042297	0.0712434973088853	0.27048587826747666	0.628670218956744
0.296972645888021	0.234307034929583	0.0175601742363336	0.4511601449460623	0.766395781067361
0.146656888288477	0.288060531931731	0.0544532940107942	0.5108292857689978	0.702114147962277
0.320656711331302	0.192809915121116	0.0317038050245402	0.4548295685230418	0.800867904518299
0.125966359616395	0.27805605706446	0.055277941139084	0.540699642180061	0.7105805624191
0.242663069207614	0.245937468558046	0.0728815875825435	0.4385178746517966	0.733865949451247
0.24646519236984	0.243602689744168	0.0728481411055419	0.43708397678045013	0.739425422758628
0.165229387474517	0.308464849145748	0.116217856519137	0.410087906860598	0.6685458181158
0.496251564298612	0.278715017877372	0.0700292449484935	0.15500417287552243	0.710814127007814
0.241779632093106	0.106181455357478	0.087435905652392	0.5646030068970239	0.85725182435844
0.321800159128049	0.308004717458493	0.0301894755650628	0.34000564784839515	0.69394679985497
0.184940002913752	0.234836398026244	0.0907302549005811	0.48949334415942286	0.739016237592938
0.16386757566537	0.331873806852367	0.157437449980303	0.34682116750195996	0.636313060645518
0.155816906538217	0.32061277699479	0.164338109424545	0.35923220704244796	0.642860892411506
0.277192635188909	0.216423273107023	0.0767444147691295	0.42963967693493843	0.760167440780301
0.249421141797471	0.13033725092722	0.0783654056325379	0.5418762016427711	0.839086197238936
0.254994110248427	0.276457249235362	0.053212075151601	0.41533656536461	0.716301791365365
0.159768777562509	0.190054997191783	0.0623743333397301	0.587801891905978	0.789551401179493
0.252690571340133	0.127824005433705	0.0243563038902368	0.5951291193359252	0.86323437177791
0.263538442496605	0.334867302370457	0.0765655501325997	0.32502870500033837	0.655725010421332
0.246877980924624	0.385707656782939	0.0958851501879748	0.27152921210446224	0.602826430537092
0.280094882102906	0.141032874209879	0.0580010781401111	0.5208711655471039	0.839575747134893
0.218159144037586	0.314607201389763	0.0639621395371487	0.40327151503550235	0.676364692931544
0.033240979717919	0.22489815698404	0.0669025394117664	0.6749583238862746	0.755059543646372
0.308826608130583	0.278843800135598	0.0320598521275275	0.38026973960629146	0.719952275114562
0.293869860786282	0.345410155288422	0.0189682430838895	0.3417517408414065	0.662462451159683
0.12075183059919	0.213854575906074	0.112809035525194	0.5525845579695419	0.748118296368518
0.134270577654605	0.176643889823155	0.0847815275706501	0.60430400495159	0.793405905236986
0.353941097367308	0.105596508362561	0.0492488973910478	0.49121349687908317	0.876396628999774
0.154050508786792	0.140974902307726	0.044274121334242	0.6607004675712399	0.840491035341182
0.111567400608372	0.294586369487029	0.097227776973698	0.496618452930901	0.688398148279377
0.333644503932727	0.258363231215798	0.0635840222543604	0.34440824259711467	0.727476519134443
0.236937630718204	0.221025511205004	0.105268742439281	0.43676811563751095	0.744749868891079
0.24053122400762	0.377996820226326	0.138386209738334	0.24308574602771993	0.600097022077371
0.117929060667618	0.275485776895349	0.0403333124198485	0.5662518500171846	0.71849676622004
0.266427190124038	0.240521310291746	0.0615218501148573	0.4315296494693587	0.745262359315119
0.288652534425064	0.229392822107594	0.0341681601702235	0.44778648329711845	0.765519857042729
0.367742864622286	0.365227551397797	0.0248956669292357	0.2421339170506813	0.643121192990191
0.126186178966731	0.221333896139723	0.049008006618209	0.603471918275337	0.766204773935135
0.216396203166411	0.176188588272639	0.0426501508196953	0.5647650577412546	0.808096373062566
0.30636453342588	0.238640863409092	0.0091246685220283	0.44586993464299973	0.766661259951942
0.272195563851389	0.225551906982352	0.0781134352748305	0.42413909389142845	0.756073528107472
0.157257465221243	0.20060630335552	0.0963127777943333	0.5458234536289036	0.769506961836459
0.257825618574435	0.230221367926413	0.0881684278577395	0.4237845856414125	0.74558134640121
0.414417206808314	0.298396663587413	0.0821329278779324	0.2050532017263405	0.691441506980046
0.273187678953366	0.173498278406277	0.119562636480654	0.433751406159703	0.787054642845998
0.198189134145487	0.102689577089176	0.0898359147191774	0.6092853740461596	0.859514806502228
0.226074704289892	0.372843526517006	0.151674517660032	0.24940725153307006	0.600777428234197
0.156933485167969	0.0638910158743328	0.151379112768413	0.6277963861892852	0.870789437109723
0.202886884936566	0.265217558691461	0.0121616533677668	0.5197339030042062	0.738865827189186
0.0879726701920831	0.18638256504300801	0.108012240402326	0.6176325243625829	0.776628843501253
0.377842131046363	0.124695975423605	0.0409060263693975	0.4565558671606345	0.860883127262159
0.230632581917015	0.330274182536697	0.120630938211588	0.31846229733470005	0.646131355059148
0.248853339944291	0.258516742988134	0.0706199639007126	0.4220099531668624	0.724724802176567
0.122870954466311	0.142686441070801	0.0621778423415141	0.6722647621213739	0.831515297849378
0.381932046421143	0.0679800340556095	0.0735035013917843	0.47658441813146324	0.901415396926762
0.22757488012119	0.19348589927383	0.0549574821332838	0.5239817384716963	0.792133879275459
0.246460500214973	0.283934679647528	0.0421340408475076	0.4274707792899914	0.71084851695944
0.114267134884331	0.203784652709313	0.0558124646972191	0.6261357477091368	0.778056763851442
0.128037461513637	0.194220184835117	0.11763410790116	0.5601082457500859	0.765249699682454
0.211511071279305	0.31221383068076	0.0609442287934019	0.4153308692465331	0.682231301244784
0.325262842287846	0.128882678771503	0.0387831747325989	0.5070713042080521	0.854258999260793
0.381870332548707	0.15836206010365	0.00328599340736848	0.4564816139402746	0.844757185997166
0.264173854986299	0.256541306711925	0.0418790931736616	0.4374057451281144	0.739123289794277
0.103756122372923	0.102720950822798	0.131269538681055	0.662253388123224	0.841554618163727
0.210881812994263	0.241636439560417	0.0618306432716505	0.48565110417366947	0.742089900552562
0.253205388124824	0.310817789484314	0.120821932090571	0.31515489030029104	0.666029486393845
0.189367360228898	0.217885047543765	0.0653867485272255	0.5273608437001115	0.763562041640898
0.410265951271538	0.263333383684922	0.0284943827512404	0.29790628229229965	0.736799765482143
0.351022351562357	0.240864632538925	0.107204717944904	0.3009082979538141	0.731540410443436
0.32829550813351	0.204912017138617	0.0702671740798791	0.39652530064799396	0.776293874642341
0.161614173774332	0.261503878155704	0.0640745101682423	0.5128074379017218	0.719839684211815
0.286752160468388	0.239671493072023	0.0339842355352097	0.4395921109243793	0.756955488703163
0.241392676498999	0.277332526494928	0.0444939709909694	0.4367808260151036	0.716466336325829
0.266498661795615	0.254962685931895	0.0848488930224572	0.39368975925003286	0.720680298549341
0.165733862860509	0.208077167914925	0.0495157256535248	0.5766732435710412	0.779619498640263
0.112680414077631	0.294281669885924	0.146641711990673	0.44639620404577196	0.670203373911331
0.23125333188128	0.279714106744586	0.00873420606426208	0.48029835530987197	0.727698729518495
0.413612549487479	0.177976109696727	0.0224083242110795	0.38600301660471453	0.81800476866958
0.204523954841755	0.350066571910699	0.00448613435705303	0.44092333889049296	0.664186251976593
0.114579025922464	0.104099588977638	0.115423634008451	0.665897751091447	0.84864883242351
0.16646615961009	0.293525901298256	0.144995034792611	0.3950129042990429	0.672674713543796
0.290636644538032	0.326299238813193	0.0744405231071809	0.30862359354159413	0.663303750874482
0.13143234349226	0.373720903581543	0.0735405091466814	0.42130624377951564	0.617506275323079
0.191555625519765	0.177332831331985	0.00750765129544564	0.6236038918528044	0.819402261549306
0.348835022734609	0.149955871156423	0.0886994261361837	0.41250967997278437	0.816655939065102
0.122449653521387	0.291443097822794	0.0672808209051186	0.5188264277507004	0.693189271848795
0.27593532500008	0.381629176537569	0.104146687103898	0.23828881135845298	0.606738709202038
0.131444671971928	0.208612381812163	0.0177823420530018	0.6421606041629072	0.790280506780013
0.280901394976683	0.216655128771683	0.0167892235477605	0.48565425270387347	0.783573113823059
0.413615572664174	0.273285750820199	0.0605936028797944	0.25250507363583263	0.718050943345482
0.355774367454169	0.193430686516311	0.0681451438430972	0.38264980218642275	0.784567578400208
0.214441739452359	0.208946924607717	0.0923676573867556	0.48424367855316836	0.76128566697872
0.177304338959736	0.225821424013913	0.0815722686043552	0.5153019684219958	0.74944741807136706
0.269718751795483	0.129460275497151	0.0478999645205133	0.5529210081868527	0.851872249410908
0.319547738411678	0.215157958225821	0.045663164203336	0.41963113915916495	0.774649472618139
0.0723199737047482	0.314062283576548	0.174677282518486	0.4389404602002178	0.644785300350101
0.125845429248546	0.259683354168234	0.101365854562897	0.513105362020323	0.710409487829118
0.142010933202526	0.261707080220745	0.134753829437748	0.46152815713898104	0.698626706751383
0.285974882468582	0.171808356196938	0.0200450829785056	0.5221716783559744	0.823977596116079
0.303488460907091	0.339283788984225	0.0349892346213104	0.3222385154873737	0.662673386314191
0.306842509431577	0.370013473017866	0.118040895925485	0.205103121625072	0.614113582022902
0.204125049907083	0.120331440242157	0.0640390074303875	0.6115045024203725	0.853646030539863
0.221318693175244	0.220150842512417	0.112313047414291	0.446217416898048	0.744847791232726
0.110541783773987	0.247382919481094	0.0834440088075588	0.5586312879373602	0.72829088764918
0.142800494236069	0.328118746049315	0.0356756896141845	0.4934050701004315	0.674641761162517
0.330496061972857	0.134017486864333	0.121311379704797	0.414175071458013	0.818621912143347
0.310887028236204	0.195867517789505	0.0745481125813303	0.4186973413929607	0.778285048952809
0.423855453219621	0.328624998851596	0.100011242084372	0.14750830584441094	0.659444539747771
0.137983495120246	0.215505670331485	0.16516315769352	0.4813476768547491	0.727218520557055
0.125376832716199	0.355340363472652	0.204612567522246	0.314670236288903	0.601009344216453
0.24490229671956	0.361470861770111	0.15902924614502	0.234597595365309	0.609020442210235
0.197832049300017	0.264235710593417	0.164894213327439	0.373038026779127	0.687640795419838
0.175678501274288	0.226353108010263	0.0276706970467	0.570297693668749	0.770819216073787
0.0618854265828663	0.138644019490768	0.0562577816729018	0.7432127722534638	0.83738786535365906
0.134039608808278	0.0996091890128097	0.0341452391797343	0.732205962999178	0.883950311074307
0.272544269752418	0.0985825698652096	0.0196916339926415	0.6091815263897308	0.892274359242183
0.39415697619873	0.13779219558612	0.0419746995003205	0.42607612871482947	0.846152694309527
0.246891804273964	0.289497342472615	0.0533432710360929	0.41026758221732806	0.702092629849643
0.267601302157288	0.238516832087213	0.0431012633046043	0.4507806024508947	0.75288707248028
0.172622280776256	0.20247474740095	0.0906420653675866	0.5342609064552075	0.768430814411699
0.206162017691257	0.160968082612628	0.0244223149007127	0.6084475847954024	0.830654193332555
0.277133374641952	0.163695911074516	0.0611860238889973	0.49798469039453475	0.816237269246775
0.345546915354979	0.145507353007262	0.0365260973476166	0.47241963429014233	0.839467848522419
0.0407473209809606	0.280449303213976	0.157523098914927	0.5212802768901365	0.678949349586301
0.269326790879104	0.253377059542024	0.0628434031782266	0.41445274640064544	0.729770645873306
0.268006007946258	0.205713924655282	0.064642398516914	0.461637668881546	0.775174122637356
0.242461104950326	0.187775147854898	0.0566607512626649	0.5131029959321111	0.795776142661158
0.343140041973351	0.251903236882207	0.0157019092473067	0.3892548118971353	0.752077594227527
0.235002732939237	0.172786795934739	0.119341308827067	0.472869162298957	0.78767109477731
0.175385204759847	0.0690480368425324	0.0500273519949562	0.7055394064026644	0.904833652488684
0.185551630779715	0.203969605730438	0.0308928754106694	0.5795858880791775	0.791155526198366
0.441343651395129	0.184268258629847	9.86851709103308e-4	0.37340123826592075	0.821410845834037
0.200827261021795	0.114842146328538	0.0778932727605951	0.606437319889072	0.853786937789387
0.206119407032246	0.306205940895072	0.0787697151984503	0.4089049368742317	0.675742595601594
0.351395393974086	0.198407152575123	0.0635542617909196	0.3866431916598715	0.781800983766872
0.207781190423389	0.319236583190313	0.0650673886491407	0.40791483773715725	0.67270672564242
0.142972296363126	0.253085554345704	0.0563902751661217	0.5475518741250482	0.736434099479105
0.238804006236274	0.300978406742553	0.0605860857612085	0.39963150125996455	0.68895988440087
0.25957375472747	0.172915502509647	0.0891043492816834	0.4784063934811995	0.793451709190803
0.16020801811881	0.160217031845469	0.0093589324949428	0.6702160175407782	0.836968423495025
0.107675800070341	0.274836075282502	0.111782674228575	0.505705450418582	0.695850989693986
0.275657339597179	0.137407764010827	0.0104490433501025	0.5764858530418915	0.8569618922275
0.201407712912373	0.359639405697456	0.142463647203367	0.29648923418680395	0.615677186110335
0.163581359555181	0.335301545616283	0.0764587260374227	0.42465836879111335	0.651912114256589
0.250536227476446	0.248978332248351	0.0551181424862603	0.44536729778894274	0.737561330191475
0.183016273054843	0.221767913223832	0.0463242279602209	0.5488915857611041	0.767825962174892
0.210940583355415	0.345876847555403	0.143788288890123	0.299394280199059	0.623915738886127
0.256938125786992	0.192897296801631	0.0285093042911435	0.5216552731202334	0.803476862956311
0.238958379403513	0.240071493946289	0.0831812695882567	0.43778885706194126	0.736325232548347
0.285342142828179	0.359835205632538	0.0520519390810518	0.3027707124582311	0.641061261150859
0.251114989246187	0.275690746318834	0.00234327679777786	0.4708509876372011	0.733151979822533
0.280630324226047	0.214866370082486	0.0870576925685508	0.41744561312291617	0.758559650299146
0.280270787223213	0.237861125198421	0.016081489007649	0.4657865985707169	0.763590862206701
0.198098122618226	0.260641284667813	0.0783219587557335	0.4629386339582275	0.72168838924185
0.246213921901835	0.18962070545761	0.00263802039604519	0.5615273522445098	0.812336145942424
0.0760044885792167	0.30939840737205	0.0117115259337811	0.6028855781149521	0.69794054471105
0.295875489710428	0.297875559504661	0.0167166933799624	0.3895322574049486	0.708820862614824
0.281057918657424	0.285704166251302	0.0470333916510228	0.38620452344025114	0.709708772222185
0.0387296351126507	0.305950068778812	0.0766667501091	0.5786535459994374	0.676666845081941
0.352140417827345	0.252274329184001	0.121753885709207	0.2738313672794469	0.717163779626511
0.105454822409566	0.305771463609753	0.137126480130732	0.451647233849949	0.660936024377992
0.20515864023826	0.203135776128484	0.0768539184837933	0.5148516651494627	0.771434046996962
0.215329552538063	0.285416119203652	0.052691929039771	0.44656239921851404	0.704961794438632
0.218419407651875	0.280579532578694	0.130342892326869	0.37065816744256197	0.680043478582867
0.331002005715753	0.263895318787535	0.0666194217584904	0.3384832537382216	0.726068768100967
0.172878816151969	0.143460315104462	0.0518177452025786	0.6318431235409904	0.836430940926102
0.326963340076121	0.142134393453799	0.0997304717673161	0.431171794702764	0.820292251617222
0.414009624050789	0.0684791872657531	0.0446360119370902	0.4728751767463677	0.910304694266107
0.332234858298839	0.215284808445538	0.0606735081026263	0.3918068251529967	0.76894702323421
0.395172907975843	0.207324470808002	0.0661711752518628	0.3313314459642922	0.773606412631559
0.15781934022068	0.388246872098906	0.15099137005969	0.302942417620724	0.585786124535381
0.203980507457367	0.20041169588649	0.0675754296548507	0.5280323670012923	0.780403449106667
0.258017341826429	0.154825855968052	0.0473294563286743	0.5398273458768448	0.827439360176287
0.241513229419058	0.206965589153638	0.00107639543420755	0.5504447859930964	0.795915297552071
0.078361780951872	0.211926875386318	0.0373831037160289	0.6723282399457812	0.777409068304567
0.225071313653723	0.120546025525173	0.0055226879042473	0.6488599729168567	0.876346208020734
0.242033058640108	0.30900528068979	0.135161625806903	0.31380003486319896	0.662896185197893
0.370800763117236	0.205513548485192	0.0300778843561907	0.39360780404138135	0.790414380124217
0.280509774219548	0.235510967370043	0.0209801637112428	0.4629990946991663	0.766138776858457
0.332963017804829	0.09096072087772	0.0237822942324637	0.5522939670849872	0.899791285192851
0.189995636565076	0.367032953088043	0.0828157876699732	0.36015562267690776	0.622524741145319
0.150957174643238	0.0979170571176806	0.079659362758477	0.6714664054806044	0.867881165359911
0.332789457985589	0.208419415712217	0.0533694665135649	0.4054216597886291	0.777223143567234
0.254942441291623	0.188660874986149	0.134975571086886	0.421421112635342	0.766235762123293
0.201564163498056	0.17804915141295	0.0645440391096302	0.5558426459793637	0.801701097167265
0.254158188269285	0.304927773521781	0.0696108945635962	0.37130314364533784	0.687098609423758
0.228934314404366	0.343956102215601	0.153979141849152	0.2731304415308809	0.623034567741329
0.262965271227195	0.197623497888185	0.0538399764315056	0.48557125445311433	0.788472125784945
0.280067686351905	0.291919512913833	0.020498831681157	0.40751396905310505	0.712308220143266
0.276752717070642	0.278491518336875	0.0558109771848354	0.3889447874076476	0.713050072349042
0.363403956980152	0.198070360746111	0.0471707701185941	0.39135491215514295	0.789237635636012
0.326826117779856	0.251226859053489	0.0418991509642563	0.3800478722023988	0.741861458173203
0.256473987406402	0.272743676602186	0.0799616251798967	0.39082071081151537	0.709985773150065
0.244441290574739	0.240011470908604	0.0574583773319032	0.4580888611847538	0.745718449939143
0.301217011952617	0.219197432800378	0.0363260990048333	0.4432594562421717	0.774113916077329
0.216732002148898	0.300524954564638	0.0169884169935442	0.4657546262929198	0.70568942574845706
0.12778047643118	0.169474544831067	0.0694140935881318	0.6333308851496211	0.808946009613217
0.0386728163560447	0.187660295725514	0.10160696208354	0.6720599258349013	0.77905742114205
0.0982129315323696	0.289501564355925	0.157080388650309	0.45520511546139636	0.669509562565733
0.121234565005265	0.254058750797926	0.127254786909001	0.497451897287808	0.71338610912437606
0.189351264399873	0.307394357663111	0.118939120302976	0.38431525763404	0.666802806421424
0.231917565511438	0.0991123076490602	0.0906576444350456	0.5783124824044561	0.862455885273216
0.333721799908263	0.224259582713183	0.103452028801726	0.338566588576828	0.751937697682099
0.266134623214361	0.271001935664859	0.0360966887820421	0.42676675233873795	0.725770836743282
0.357921369968414	0.208140921895534	0.0210650738609324	0.41287263427511955	0.78762936040092
0.221960889847942	0.336946746064528	0.10536726808594	0.33572509600159006	0.644877663218955
0.210222366606967	0.354706972240835	0.0275492211332203	0.4075214400189777	0.651683879900234
0.119354463281949	0.262397503464917	0.103560547652287	0.514687485600847	0.710996705221003
0.261791384429185	0.184662272249889	0.0139786974853849	0.5395676458355411	0.816684294212909
0.165942286096305	0.217441745655372	0.0923973840363276	0.5242185842119954	0.755355810706245
0.0763780731062044	0.250182547152709	0.0719505431002615	0.6014888366408252	0.730019421649543
0.189245936413418	0.298716853698094	0.109932992454896	0.402104217433592	0.680551036419676
0.318396016046144	0.36137013201297	0.0319570564392393	0.2882767955016467	0.645375627291273
0.25208295367153	0.215483558938102	0.0801800041270647	0.4522534832633033	0.759711308923679
0.20133653899529	0.141505932953636	0.0726467753695641	0.5845107526815099	0.830053372241962
0.256831636152133	0.215768268084843	0.0433582347021973	0.48404186106082675	0.774577088254876
0.167431381278229	0.201885197950652	0.00392299421348345	0.6267604265576356	0.798312845508716
0.155865597943261	0.200603867746396	0.0443785373220225	0.5991519969883206	0.785983256447177
0.295574829914231	0.318285309039392	0.103318721926515	0.28282113911986195	0.663916316469972
0.428896826608806	0.331131296810763	0.0995459823873656	0.1404258941930654	0.655603215134125
0.26994552789351	0.207969056604553	0.00746265666669211	0.5146227588352449	0.793320249256863
0.213763451932408	0.32513268517585	0.10960071600954	0.3515031468822021	0.655960236254145
0.128543014084539	0.292222198698306	0.0301886449075216	0.5490461423096334	0.707483379356333
0.159935246663181	0.328504257095759	0.220899281725688	0.290661214515372	0.617987838725499
0.346969605906964	0.211972087316964	0.101706835719638	0.339351471056434	0.753743886883185
0.237265630172081	0.358741958656895	0.0510268722494846	0.35296553892153937	0.639423012668197
0.241655093170232	0.168351030132231	0.063152072468628	0.526841804228909	0.808542127750974
0.181456323480042	0.429289007383251	0.08640504647716	0.30284962265954696	0.565439064105489
0.354957522091899	0.28108979716189	0.132396211433258	0.231556469312953	0.690459901549021
0.298080678561898	0.304406279445957	0.0365853058772911	0.3609277361148539	0.695502525632596
0.318691553641143	0.287350804691574	0.125376151880593	0.26858148978669005	0.682045755733995
0.246685482261746	0.240054433879654	0.0147053701202518	0.4985547137383482	0.762763113851617
0.134664093143292	0.176092076851604	0.0888526613050497	0.6003911687000544	0.793306362557819
0.252855547284716	0.117169982072282	0.0962103231280189	0.533764147514983	0.844380699247084
0.266255211816355	0.328692828535104	0.0453147739022404	0.35973718574630054	0.670330344980938
0.209704722203035	0.281153947933674	0.0195765045096648	0.48956482535362617	0.722204060565378
0.298785834142601	0.260726029916005	0.00699134088094663	0.4334967950604473	0.74595617683731
0.371299016578481	0.2674660937972	0.031744997113406	0.32948989251091293	0.732650228864529
0.250674921441988	0.179570994656956	0.0463901112374752	0.5233639726635808	0.802759092583279
0.230409956230915	0.242772360229397	0.0493749695371537	0.47744271400253435	0.7466138984509
0.0478585947290996	0.150388693803529	0.105700610718606	0.6960521007487653	0.808969602571203
0.38556019320877	0.261271303972637	0.0522373508586756	0.30093115195991743	0.732214091386605
0.226120929097011	0.163930571662109	0.0799730284058986	0.5299754708349814	0.807376024060706
0.128727236802092	0.336372765031572	0.0340276098402486	0.5008723883260875	0.664734031102607
0.290421361821422	0.267274799383942	0.0149257100760464	0.4273781287185896	0.737283100914046
0.353874619022487	0.305270068312606	0.0556421351476369	0.28521317751727004	0.685802965477267
0.0998203353493858	0.232368339571149	0.0674571358330504	0.6003541892464148	0.748932280806637
0.265449413000236	0.230259683799353	0.029782132911117	0.47450877028929395	0.766417020348911
0.266962066151524	0.189007703718956	0.0308008272407642	0.5132294028887558	0.804614010634013
0.409860954598587	0.16971933664413	0.0022745416191506	0.4181451671381325	0.833163978426735
0.178311424266761	0.116758375095514	0.0241626126385182	0.6807675879992069	0.87324337685953
0.204864530762665	0.337478295547283	0.160686393274121	0.29697078041593106	0.627762948235654
0.255118130506672	0.326828061738738	0.119732688979144	0.298321118775446	0.654136415864883
0.223134609680241	0.307928653197621	0.0742761573651004	0.39466057975703756	0.681366996816405
0.346551243675892	0.14589546976957601	0.0229246916247559	0.4846285949297761	0.848292064740944
0.187105972584174	0.252277170987876	0.0397762646843079	0.5208405917436422	0.741424869575484
0.065962854754572	0.14960841324335	0.0762523234820042	0.7081764085200738	0.821938626541092
0.165214103069702	0.321628136182425	0.139448539325279	0.373709221422594	0.650699286592446
0.15841332465151	0.161780792414074	0.0563886862807765	0.6234171966536395	0.816268307773889
0.194325091705604	0.092456426456484	0.0398698103110564	0.6733486715268556	0.888763091464451
0.279103040211872	0.208619648565657	0.0773477171122505	0.4349295941102205	0.769161878356728
0.340973533079089	0.196459278844552	0.114669620372627	0.3478975677037319	0.767005975238565
0.0564093529112197	0.334762051606261	0.0621064769445913	0.546722118537928	0.657079330028054
0.24048477774422	0.166201299903883	0.13436793416488	0.45894598818701693	0.780040464682695
0.311526292275128	0.306575420837531	0.0289932764860191	0.35290501040132183	0.695174208330179
0.271802629956334	0.187570693606511	0.0948858541130172	0.4457408223241378	0.779610203699373
0.268768459732371	0.264315469185236	0.0768089831939631	0.3901070878884299	0.71855863112746
0.182647046331509	0.233086581279726	0.00172793023945665	0.5825384421493084	0.773753830991722
0.207581529656554	0.133172855384222	0.128979423149166	0.5302661918100581	0.81599708877473
0.216415933341279	0.203195108079335	0.0379038741461137	0.5424850844332723	0.787131233083098
0.226561534636571	0.142161310756368	0.119051580932441	0.51222557367462	0.810751761415239
0.369159854942566	0.165717273803813	0.082060355211295	0.38306251604232605	0.809309913509761
0.333566085008153	0.20324829455924	0.0419039395751721	0.42128168085743495	0.7872862888883
0.35596743751593	0.263488088919451	0.0695400724466884	0.3110044011179305	0.718641527663382
0.170899963131924	0.291792913656889	0.0799897332938299	0.4573173899173571	0.695539156231329
0.191402983028477	0.286529334286073	0.0754585988168187	0.4466090838686313	0.696719047560699
0.236715112998876	0.28321919847295	0.11471255709248	0.3653531314356939	0.691733044804359
0.140622954702592	0.276671431006349	0.0732726554702464	0.5094329588208125	0.703933203686045
0.177904589971238	0.274028169872747	0.113007058298554	0.4350601818574609	0.69357494941622
0.189823949623312	0.114378765832473	0.102562722505817	0.593234562038398	0.843199442918817
0.0734815385681281	0.196093027321587	0.0833768553594872	0.6470485787507977	0.77331962149337
0.211811365032219	0.082343119809256	0.0520313419890441	0.6538141731694809	0.892564703822544
0.325925086856987	0.131146024116689	0.00455146583818536	0.5383774231881387	0.86833220183517
0.301424188047074	0.367321306040255	0.187120253407547	0.14413425250512396	0.598432523296025
0.367128455464244	0.367499334548912	0.109820152975052	0.15555205701179203	0.618804435457984
0.191343629161171	0.178113718436622	0.00854883997183176	0.6219938124303753	0.82025156639222
0.134280862294729	0.205430002337333	0.0361311636888976	0.6241579716790404	0.78221456858901806
0.170838123145471	0.216984223667114	0.125955570744461	0.486222082442954	0.743562795215165
0.211071321133722	0.144996602298339	0.121448569572031	0.522483506995908	0.806791945171614
0.477636359002314	0.228783261910321	0.030876207592027	0.262704171495338	0.767343826164661
0.369850526700506	0.144547305477328	0.0808630344552514	0.40473913336691464	0.825491686395708
0.242157909859825	0.319389288532327	0.0610587592865026	0.3773940423213454	0.67146284342975
0.2714613462881	0.288258652267758	0.0779029244824698	0.3623770769616723	0.696802936292516
0.298852425817079	0.052212445859763	0.0499238687757499	0.599011259547408	0.921943777950409
0.226905894624731	0.26047645928079	0.135348310942136	0.377269335152343	0.705877358648105
0.229477665379004	0.265541960171349	0.0947850043278402	0.41019537012180673	0.711757957390749
0.279961072091449	0.265862363272596	0.114346432505261	0.3398301321306941	0.703549260239818
0.309608709294777	0.315114513891158	0.113822422771956	0.2614543540421089	0.66125137356851
0.202399484456136	0.237430317909955	0.0249665659130882	0.5352036317208209	0.758737704196174
0.310661366500648	0.19546857310308	0.0851615062206819	0.4087085541755901	0.777177237671867
0.0775903324291629	0.200232408051981	0.0539862381185017	0.6681910214003544	0.783123355641377
0.246180312184496	0.245681087894775	0.0848965983914903	0.42324200152923874	0.734693790418656
0.296155867065118	0.260957262244299	0.0415475704147415	0.4013393002758415	0.733487770634699
0.400602896667109	0.283187533054847	0.0946468961702829	0.2215626741077611	0.701229731090268
0.429145430090394	0.326677835574654	0.0492731658483665	0.1949035684865854	0.67328830478616
0.0875685655074999	0.203306616387343	0.026367002077943	0.6827578160272141	0.792757476281888
0.374599660800698	0.121774161629493	0.0973218384272088	0.40630433914260017	0.840662605574946
0.29044664037474	0.350460069152488	0.0828670372791092	0.2762262531936628	0.639925009384155
0.172218030321738	0.102001816435959	0.0298725473403076	0.6959076059019954	0.882328174118368
0.166150247682186	0.140178295817273	0.0344629317059116	0.6592085247946293	0.844349137112142
0.196790483899128	0.145261383465217	0.0595487851932612	0.5983993474423938	0.830583930517728
0.281730190463731	0.107079161685005	0.0732720320400068	0.5379186158112572	0.860680295714783
0.175946058139448	0.32614985264498503	0.0473411038631045	0.45056298535246253	0.669451996338908
0.273783722126394	0.0930103542338082	0.00807634663103771	0.62512957700876	0.897055739097662
0.201489902153195	0.224377619296816	0.0682006311593153	0.5059318473906737	0.754170340778405
0.198912860267415	0.33426469896783	0.105869367258	0.36095307350675493	0.644511673010928
0.307504338736789	0.197687476245704	0.0269249217365688	0.4678832632809381	0.795578883231794
0.0883311024503294	0.252844565660979	0.0525323780898153	0.6062919537988763	0.73564254098328
0.311859784162004	0.341333403045157	0.0657077963600243	0.28109901643281465	0.655110981149324
0.370159087146969	0.284404181082715	0.0921672669030806	0.25326946486723545	0.699604069963467
0.295783252714895	0.320458240958619	0.0534011603237932	0.33035734600269284	0.670269438538375
0.280720841885437	0.0933670685466782	0.124030306843555	0.5018817827243298	0.853034693924316
0.228925293851452	0.194237974722894	0.0417830451342651	0.5350536862913888	0.79462314440363
0.226538287449174	0.113904515083118	0.034278239538711	0.6252789579289969	0.868910462151727
0.243939284374521	0.334863443142518	0.140470669921986	0.28072660256097504	0.639530157501471
0.418158812421634	0.290557297932948	0.0350659874838835	0.2562179021615345	0.711496229519159
0.348576620630714	0.194987809959809	0.0320954691582609	0.42434010025121616	0.798543244545786
0.218328032737966	0.330262384484363	0.0345428332332296	0.4168667495444414	0.673790529411272
0.239051909343656	0.325207408541105	0.0736764892158575	0.3620641928993814	0.666908276089337
0.240902179812377	0.149903855412978	0.0289335400516601	0.580260424722985	0.840918968282069
0.130893854030131	0.372544090180821	0.0989316280200978	0.3976304277689502	0.612734525279879
0.30861313200107	0.284301774104913	0.0795660969066475	0.3275189969873695	0.702938609024709
0.128880838328891	0.206208161275961	0.0904288902407555	0.5744821101543925	0.76117282785157
0.166215557666601	0.249806332170274	0.115886400401282	0.46809170976184294	0.712805355010885
0.223540419938208	0.176062887302248	0.00421799721434127	0.5961786955452026	0.824645232872876
0.0528840181716351	0.324488060730265	0.109428555044948	0.5131993660531519	0.653139970224921
0.318088035392501	0.278837826682309	0.0195589180736599	0.38351521985153003	0.724822164962685
0.160690383353552	0.262068768700987	0.0328121035793064	0.5444287443661545	0.734878395172237
0.399583903944234	0.313230099677417	0.0314108795374539	0.25577511684089516	0.690752837900132
0.258840988511801	0.247436167988822	0.0138513829091824	0.47987146059019453	0.756497816975537
0.155157907101438	0.273066329334078	0.0771765873785766	0.49459917618590743	0.707162882692683
0.295885947361814	0.148335405412052	0.0463578353718903	0.5094208118542436	0.834956203308981
0.270940848960001	0.337842436752408	0.127331562282229	0.2638851520053621	0.639649192490203
0.354985743490572	0.137463073467498	0.10026793471449	0.40728324832744	0.825982979037376
0.121112790938121	0.309282851684152	0.107112932173761	0.46249142520396597	0.66487869274483
0.16465593313045	0.257529345267868	0.13801643857228	0.43979828302940205	0.701626330069673
0.254602387378012	0.230852590770933	0.0932392657069468	0.4213057561441082	0.741226482557978
0.076941102210641	0.249486091655127	0.091105767834887	0.582467038299345	0.725405484611753
0.186607869037623	0.393989217982324	0.0502008990479777	0.36920201393207536	0.607687656838856
0.209006938269415	0.298145054911977	0.0460217919164918	0.4468262149021162	0.695576921965446
0.295819623889122	0.325412556308483	0.0490378888948676	0.32972993090752745	0.674419524168608
0.252094358467228	0.270152517159627	0.0137544191063031	0.46399870526684195	0.735234205913935
0.399764047100148	0.308903625487555	0.0310895980637354	0.2602427293485616	0.693574300655883
0.266228891752489	0.308565807737795	0.0565464833878353	0.3686588171218807	0.688052798198655
0.26676690394873	0.306652152696581	0.0717860502903791	0.35479489306430995	0.68497545260498
0.0998946746800017	0.288819260561675	0.222937975799843	0.3883480889584804	0.650933148318605
0.20384429685581	0.262368796472987	0.0246235875551721	0.509163319116031	0.738671249018921
0.354642270721426	0.361639654198354	0.140563674333056	0.14315440074716396	0.617343406085653
0.304481062809108	0.219499043440527	0.0404117574313219	0.43560813631904305	0.769879639231607
0.316799550031985	0.289635406658022	0.0309649558581148	0.36260008745187816	0.710831060536852
0.21218080756489	0.33622420167078	0.104435196446641	0.347159794317689	0.643668659906858
0.230875169772139	0.326370728923211	0.137046028682647	0.30570807262200306	0.647439634680224
0.172843125967669	0.291766526507108	0.0354314532540887	0.49995889427113427	0.706363844346359
0.202025364191153	0.199926368205562	0.0165890392881355	0.5814592283151495	0.800626678635077
0.216477549837324	0.232952724482131	0.0634973082965446	0.48707241738400037	0.750962799385677
0.187232988806397	0.1854242072437	0.0942010068980267	0.5331417970518763	0.785305232285212
0.445421576831776	0.246640459548418	0.014169941673295	0.293768021946511	0.759529251552428
0.0931787818809638	0.328842670541589	0.0819243157873352	0.496054231790112	0.6583572745323
0.347526355847938	0.276838694066694	0.0256580905250873	0.3499768595602807	0.724659809108004
0.0508425438766781	0.171391751308251	0.12346661497787	0.6542990898372009	0.781252639747334
0.25505726294819	0.128916523308526	0.0249436691661244	0.5910825445771596	0.861492333909588
0.172696561762733	0.30325715478898	0.0746623675953304	0.4493839158529567	0.685264891709646
0.32999564850067997	0.186524454247839	0.0543378835581799	0.42914201369330107	0.79628183064173
0.0735798560952059	0.111352135521295	0.0513612285604242	0.7637067798230749	0.864177110628993
0.317045152692323	0.315984283176019	0.0855635774094316	0.28140698672222636	0.672235632712109
0.263243154037677	0.229439762195671	0.0570430721038395	0.45027401166281256	0.756108054245803
0.272510024477525	0.302556910326606	0.038364847565055	0.3865682176308141	0.69862151895799
0.259438243230096	0.209431948175633	0.0325362710720239	0.49859353752224717	0.783029310329116
0.310899882164766	0.236440774905479	0.0584856836903174	0.3941736592394377	0.749072359776685
0.441562104660439	0.315246891075075	0.118887567513408	0.12430343675107804	0.666667131859036
0.203334143695081	0.241987522595958	0.01285991619466	0.541818417514301	0.761326146929516
0.220091669605746	0.264171978792475	0.0172117708974602	0.4985245807043188	0.739402018241714
0.163043905180663	0.334525416302505	0.0948410177892305	0.4075896607276015	0.649641798426445
0.225847671630977	0.174486900700502	0.0406420060548756	0.5590234216136455	0.81503460463325
0.0330585189028124	0.180817705230709	0.102567820470335	0.6835559553961436	0.780124670995978
0.183573739925945	0.179113737823157	0.0174973676434992	0.6198151546073989	0.81824063024009
0.4330702893422	0.307058385768074	0.0795094618336179	0.18036186305610807	0.684312893449801
0.438992761107567	0.134510660512948	0.0293291267294038	0.39716745165008116	0.856571559568401
0.233358360657338	0.331139820082011	0.0592379169468299	0.3762639023138212	0.662354482022331
0.330019839904171	0.244875234128861	0.0835529646485234	0.3415519613184446	0.733417495135923
0.378512085094868	0.247529823689706	0.0329493117399343	0.3410087794754917	0.749641319297733
0.315541140068597	0.209638594245302	0.0371675103628885	0.43765275532321246	0.784212875663784
0.189790443468039	0.105703319334736	0.0544299369957021	0.650076300201523	0.870364783919577
0.390408136725087	0.164181146427735	0.0412917220025186	0.4041189948446594	0.822250511019029
0.19359044542068	0.175993635865655	0.0329783306195317	0.5974375880941333	0.81622667317459
0.321626024180025	0.177748084413543	0.0917039283239392	0.4089219630824927	0.78952328759604
0.26574518435878	0.156933007887053	0.0459582218372482	0.5313635859169189	0.828933878035859
0.205713221489501	0.270504961598119	0.0246263989625487	0.4991554179498313	0.72872524530373
0.337451842450612	0.120562063495066	0.0862938924763417	0.4556922015779803	0.846549137221658
0.224791495166593	0.28067941199421	0.0859990510052727	0.4085300418339243	0.703637191781223
0.494088441969194	0.188118205639751	0.0487792350537652	0.2690141173372898	0.799824716608936
0.186637282845723	0.228474915162009	0.0915733607639394	0.49331444122832857	0.743342787092543
0.262953880847494	0.1598607279184	0.115404628580701	0.46178076265340495	0.797313792337038
0.132956762645577	0.299091847519302	0.0927786050060608	0.4751727848290601	0.675875843804857
0.355076579416721	0.333092688903253	0.0370190577240527	0.2748116739559733	0.667990940565866
0.103700858060187	0.184354762449277	0.0733746306911158	0.6385697487994202	0.790209506012201
0.192834331363089	0.34820282117829	0.120422991199892	0.33853985625872896	0.631758686920663
0.112352360066735	0.234746039401088	0.0793082462672836	0.5735933542648934	0.741333494949469
0.254471886060822	0.203064589342506	0.0628974264499799	0.4795660981466921	0.776301312816709
0.25771701026336	0.374579174557189	0.0554545635874328	0.3122492515920182	0.626607834304692
0.123660621956194	0.118329379805342	0.151799824433871	0.6062101738045931	0.819714699195712
0.245063507308945	0.223257512572237	0.0571516943497677	0.4745272857690503	0.762868031558438
0.233743988040458	0.32209811615518	0.0598624879882216	0.38429540781614036	0.669303934095668
0.249300818890771	0.31129061265309	0.0773395839575775	0.36206898449856145	0.675360285494261
0.304463191835082	0.215617346676434	0.00964967217969138	0.47026978930879265	0.787821993661638
0.287175452787767	0.0958117325624772	0.0826678442003936	0.5343449704493621	0.86854235354365406
0.150277054593381	0.114188066163391	0.170456095335802	0.5650787839074259	0.813908758786521
0.237532671410107	0.180616527390107	0.0641236120205596	0.5177271891792263	0.799594656075357
0.220149355533618	0.222905345468014	0.0667486058378851	0.49019669316048287	0.758494409263668
0.300902032899414	0.228174955512885	0.103277646518532	0.367645365069169	0.738988115266627
0.291817625519877	0.227915291352876	0.0829823181636811	0.3972847649635659	0.747586317923169
0.285404680332822	0.130017257040088	0.110601936236279	0.4739761263908109	0.827814670827545
0.333785018930566	0.217688827188781	0.0435817252760567	0.4049444286045963	0.772406048094641
0.314512314342361	0.195482564204095	0.0734202200264652	0.4165849014270789	0.783028245836681
0.137393824935328	0.311798116374906	0.0879620504254052	0.46284600826436073	0.671726313636333
0.162962551662626	0.100601443527439	0.121542198156515	0.61489380665342	0.849120164836589
0.32149257239174	0.211727393845267	0.109690244768342	0.357089788994651	0.751776412517764
0.139371525029437	0.200317666323343	0.0492861762688075	0.6110246323784125	0.786097257036417
0.224803577437935	0.103958720749341	0.0990428217397999	0.5721948800729241	0.857230458365387
0.264081855362452	0.205700741805019	0.0551032022495969	0.47511420058293213	0.779178050312747
0.294072457918204	0.180153235930105	0.0619199068438707	0.46385439930782024	0.799321257009865
0.282862689843193	0.367764468221876	0.0574659589907003	0.2919068829442308	0.632422437382724
0.205119173023142	0.284782096049668	0.0702089247150855	0.43988980621210455	0.696895449870755
0.280638686327089	0.344529475590006	0.0874768653583679	0.2873549727245371	0.641773295929452
0.0176471629689619	0.342675503466971	0.147797677653986	0.4918796559100811	0.629938518294211
0.111405396808039	0.334689712408078	0.0604587768427422	0.49344611394114085	0.654896313927417
0.301312332748294	0.231081910895452	0.0618473585940936	0.4057583977621604	0.754115686394677
0.268722963452592	0.17204568211306	0.126652385338795	0.43257896909555293	0.786961015833786
0.219865254342439	0.285310299337187	0.0601920150438142	0.4346324312765598	0.701090758218575
0.241301983952609	0.416918991296098	0.180367649948583	0.16141137480271006	0.553670154820664
0.350363180649007	0.102073666587132	0.0827737130285566	0.4647894397353043	0.863538100723903
0.39043164942846	0.12680707191274	0.0663877818338889	0.41637349682491115	0.849685281411431
0.139788063460905	0.194500545593831	0.0961294223365847	0.5695819686086793	0.771724030110586
0.222736754300799	0.205936135946085	0.0868469064106779	0.4844802033424382	0.765793111510715
0.343966172595324	0.262169664714606	0.0627064390094233	0.33115772368064667	0.725100538189188
0.343713528614606	0.287905681514318	0.0303790990680833	0.3380016908029927	0.712359357590163
0.144070171977746	0.27179462801935	0.0415346680559807	0.5426005319469234	0.72066990539316
0.245759083340466	0.195502052755597	0.0676005358307196	0.49113832807321745	0.783131506121304
0.228125182529002	0.291085758113204	0.0732717095983471	0.40751734975944687	0.693761464423677
0.0799213535900082	0.3261227485396	0.064499259976075	0.5294566378943169	0.663483268202597
0.311826407377273	0.309602745986378	0.04154169828679	0.33702914834955905	0.689525220561914
0.276193142439281	0.268695574241198	0.0794295846850459	0.37568169863447515	0.711305362175384
0.0712606778403345	0.330445123649332	0.0813104000722143	0.5169837984381191	0.654644988847968
0.218103319404576	0.165434720169594	0.089114146311332	0.5273478141144979	0.803145036936294
0.367770018476222	0.30928764632083	0.146726385928652	0.17621594927429596	0.660748640328554
0.195000132667499	0.339190637949325	0.0666194190198855	0.39918981036329043	0.651763899260436
0.338721622329966	0.187692532086213	0.0643841592227638	0.40920168636105714	0.792723254815074
0.319007633864666	0.320826370446064	0.0271658819324823	0.3330001137567877	0.683823523163768
0.300491516904235	0.259271925172918	0.0308434526275527	0.4093931052952942	0.738302515332569
0.201294377934554	0.279613938653869	0.0344571624734016	0.4846345209381755	0.717351655611942
0.197641229137677	0.206937114493552	0.0341642482351853	0.5612574081335857	0.786361974014115
0.178181862096639	0.10045868706981	0.0481508708802991	0.6732085799532519	0.872186344397944
0.364878502786153	0.272704662249879	0.00294583325007371	0.35947100171389434	0.737581746693971
0.225763521165566	0.196502993124109	0.0545354594889856	0.5231980262213394	0.787258395062241
0.388571178695884	0.282636807849601	0.112185916451768	0.21660609700274702	0.696049221806729
0.12837655329924	0.26334353715577	0.0770648758453234	0.5312150336996666	0.71423396328598
0.319904865740488	0.328805531614514	0.0519303941798611	0.29935920846513697	0.665635208376355
0.18795529672378	0.300046963800266	0.131971911891089	0.38002582758486503	0.668202097486245
0.475774637970009	0.169049460650464	0.0364719830987008	0.3187039182808262	0.821988241061371
0.202973753408739	0.333259639941124	0.075626980072188	0.388139626577949	0.653152177640574
0.243137457182934	0.267614424102181	0.00988786692534925	0.47936025178953573	0.738157016163611
0.322376037870828	0.224640544481631	0.0685687150743356	0.38441470257320537	0.755938846019539
0.388321037417075	0.266898150393444	0.0378455451272978	0.30693526706218316	0.729419205251947
0.054304444268537	0.281433499416384	0.0736686378479548	0.5905934184671242	0.703909197305231
0.232643670877691	0.144551543205239	0.0425545351893804	0.5802502507276897	0.838041807130234
0.219274863385637	0.20413427343958	0.0916075616568916	0.48498330151789143	0.76462853452369
0.147887162874832	0.247444506093339	0.0879765648724856	0.5166917661593434	0.72635320284704
0.151321845481207	0.198640440317954	0.0386640198188933	0.6113736943819457	0.791786753339795
0.266324840464565	0.187186546698676	0.14118379009596	0.405304822740799	0.762723675575445
0.359308635974697	0.288649366688024	0.0786499552319301	0.27339204210534895	0.698309462752425
0.217951920423829	0.156700402794897	0.0516478289375684	0.5736998478437056	0.824463107555615
0.185182825469011	0.321915064341519	0.0940142092027653	0.3988879009867047	0.658839322790957
0.170934354576998	0.186408296829549	0.0670850883612218	0.5755722602322312	0.789334432573369
0.309538829930319	0.35051029469013	0.124648926515487	0.215301948864064	0.630454476811668
0.258907317148188	0.325405872082966	0.055573185411152	0.3601136253576941	0.666961907554571
0.20440720967219	0.242967940831732	0.0251299892335591	0.5274948602625188	0.756064434861713
0.349739223828501	0.181804865354641	0.068601796399881	0.399854114416977	0.798008803237235
0.30894867905896	0.243997060737086	0.0538525363871422	0.39320172381681184	0.742843021394067
0.0470872967884798	0.232927482902788	0.0770327887953309	0.6429524315134013	0.743849081809045
0.394766562232879	0.252718404572584	0.103414167874484	0.24910086532005304	0.72518126317929
0.176935756368146	0.177398955129219	0.0997864248960042	0.5458788636066308	0.784591498074176
0.335575712370307	0.213955929980303	0.0572396675258022	0.39322869012358785	0.770285716748828
0.083294085424514	0.335872015165835	0.0906792035389001	0.4901546958707509	0.64859408352649
0.225031340256517	0.247954039599624	0.0539317804327511	0.4730828397111079	0.739860575467391
0.39010290231635403	0.193630305842693	0.0642989093932584	0.35196788244769456	0.787365289318493
0.268373964162766	0.175250751579978	0.0413437186540757	0.5150315656031803	0.812392077073281
0.247455614355612	0.345599980420038	0.108852375897267	0.298092029327083	0.636277383714803
0.402652773086996	0.26136848148998	0.048209104936462	0.287769640486562	0.733623910288665
0.285063749359786	0.388543396449353	0.112177968659279	0.21421488553158197	0.598621209921098
0.161229462248355	0.31896631463771	0.0965938922780403	0.42321033083589477	0.659072582474079
0.219649584142733	0.231477128166987	0.0591702957569538	0.48970299193332617	0.754717508871505
0.199543100313689	0.230082264131921	0.0902309544427876	0.48014368111160244	0.746932573121951
0.118346420893699	0.191861675585696	0.0543369460543429	0.6354549574662621	0.790982771584682
0.0972492505876133	0.265743597612899	0.0887115099265157	0.5482956418729721	0.712235991474706
0.320147032242597	0.136064190682435	0.113664983196383	0.43012379387858496	0.821607567725711
0.117135839054968	0.27499263332783	0.0933496868450254	0.5145218407721766	0.698626817714999
0.265719058454658	0.237658154366881	0.0723066749329784	0.4243161122454826	0.741458216571493
0.252486532635604	0.1266079851853	0.0439642495122907	0.5769412326668052	0.854025511341228
0.257188749388952	0.324201642035432	0.116874830401539	0.301734778174077	0.650481188935263
0.156556732070352	0.334605891215293	0.112473219359086	0.39636415735526903	0.64478897012842
0.183715002920686	0.177261159793694	0.0369541160817567	0.6020697212038634	0.812571420391785
0.44317452070771	0.298052697921519	0.030766264320817	0.22800651704995398	0.704974413332893
0.155830405173727	0.316607435493216	0.120080984499993	0.40748117483306395	0.658351369785895
0.400397633959966	0.314124586180015	0.0329486475966505	0.25252913226336854	0.687925162374495
0.214292851076632	0.202473488365495	0.112542773025479	0.47069088753239396	0.758177427824182
0.0741051915573108	0.329793461583549	0.104502025930174	0.4915993209289663	0.649511708251978
0.213075210283471	0.121003372569114	0.119936368672078	0.545985048475337	0.83176291126383
0.278419431112956	0.0988703793133521	0.0922743496953291	0.5304358398783628	0.863401654189746
0.131895282370074	0.189273864162377	0.10430710008021	0.574523753387339	0.774014628085857
0.222800004146211	0.269682181323057	0.0437891331140774	0.4637286814166546	0.724114857568725
0.131895282370074	0.189273864162377	0.10430710008021	0.574523753387339	0.774014628085857
0.307825860732943	0.34864217902616	0.0389970762622732	0.3045348839786238	0.653197825363361
0.304526501649879	0.175778435563225	0.0635517282643169	0.45614333452257905	0.804232605465576
0.168147098337774	0.116306333669609	0.079647057553982	0.635899510438635	0.85129572103399
0.415157265007539	0.345125075251716	0.114577895699489	0.12513976404125599	0.639907117003258
0.215993869150036	0.301537595239044	0.121898442523536	0.36057009308738397	0.675735014175888
0.23896753280652	0.235068571308356	0.052420984429167	0.47354291145595706	0.752055830624632
0.289500452305344	0.359046449715234	0.0162055350341109	0.3352475629453112	0.651359800871635
0.425540813856054	0.335698071711741	0.121147781677924	0.11761333275428099	0.648342329588925
0.135622606667907	0.221952853004979	0.0909362263632496	0.5514883139638644	0.747917195252994
0.231341500736959	0.179798679218976	0.0447391730802807	0.5441206469637843	0.805516702128205
0.298582514839029	0.197338448788961	0.0589400020670596	0.4451390343049504	0.783742750500722
0.345309974674319	0.250582481806194	0.0668495332715741	0.33725801024791285	0.736644877782609
0.339760253926358	0.146122816504243	0.0411272819266579	0.47298964764274115	0.83897969558789
0.303074615536113	0.213599406356087	0.0665279939346307	0.41679798417316927	0.767556125474985
0.209187258737392	0.256878335707356	0.0978051463750112	0.43612925918024076	0.719475141660172
0.324502842928548	0.15445376996291801	0.0595533899958777	0.46148999711265637	0.823630972694957
0.289195887805979	0.264142524259499	0.0585358186432704	0.38812576929125153	0.724595502806813
0.181031867087031	0.210931358771846	0.12666979290047	0.481366981240653	0.744388622393977
0.33579324428554	0.220122377798136	0.0651649213238286	0.3789194565924953	0.762342104212419
0.309969887803726	0.288630965241792	0.106977536402097	0.29442161055238497	0.689809104867839
0.142598761468783	0.218712767877167	0.114203633336141	0.524484837317909	0.743860529689134
0.178402901278997	0.143544786250905	0.0145266750882707	0.6635256373818275	0.850112750498328
0.36155143706452	0.206002142949178	0.0477579692932986	0.3846884506930034	0.780683628086052
0.21978323211218	0.320264515545531	0.0446466420172956	0.4153056103249934	0.675997579770342
0.440551260513231	0.348648552521179	0.00953587768747288	0.20126430927811712	0.663936607399517
0.236742868638799	0.270710647049005	0.0908474432736871	0.4016990410385089	0.706299875102354
0.19475818195302	0.221005312028006	0.060022826346974	0.524213679672	0.763617301132766
0.312083215138962	0.144973318619685	0.0606181050902612	0.4823253611510918	0.833493475932219
0.302758489103416	0.353053608472062	0.0687805535001111	0.2754073489244108	0.637035549421445
0.252319491823822	0.279033846092357	0.0815604359535278	0.38708622613029314	0.703788631788557
0.368693658090516	0.315150566785244	0.0361130640788225	0.2800427110454175	0.686156616951764
0.308597471235443	0.351527984505107	0.139834448398249	0.20004009586120097	0.627368420240025
0.380297886177761	0.144984314155313	0.0697935299985371	0.40492426966838885	0.828017619298455
0.253587592268875	0.095252960257338	0.107018178664435	0.544141268809352	0.859067913049547
0.37329360897112	0.217373404392983	0.0868363511654859	0.322496635470411	0.757744463330485
0.00196293527251801	0.320112447524415	0.0590384551587832	0.6188861620442838	0.674240301417892
0.249362439508475	0.0449365635249418	0.0516129773672703	0.6540880195993128	0.927764848167401
0.261726962061881	0.140418834611404	0.0752654676388539	0.5225887356878611	0.829200662465925
0.161110648106893	0.242878162390251	0.0739585333749953	0.5220526561278607	0.736799113738989
0.154339484455204	0.359455647123087	0.0380404123457875	0.4481644560759216	0.642265235513927
0.116388208422154	0.13257692963906	0.128177720099577	0.622857141839209	0.816693005704548
0.348686250168079	0.325075450300883	0.0830770700929395	0.24316122943809854	0.666975016262799
0.32768402994358	0.195391359238012	0.0665100685801188	0.41041454223828927	0.78538393287008
0.286078208032347	0.214704869810161	0.0123921955990548	0.4868247265584372	0.787102220336592
0.280881004627164	0.223525049320512	0.113460022942408	0.3821339231099161	0.737924607036747
0.258824552829254	0.366661588470086	0.209949664640273	0.164564194060387	0.593986727092435
0.0684435442810957	0.161425480491869	0.109101168974734	0.6610298062523013	0.796178757629874
0.312386909446214	0.296176441573882	0.105181937443566	0.286254711536338	0.679549691082885
0.147471090608642	0.240271808319054	0.0158467663912221	0.5964103346810818	0.762348571787976
0.242056004476294	0.168425563369379	0.0420359841877425	0.5474824479665845	0.819827974111456
0.178676552969282	0.132787217114865	0.0531625136938583	0.6353737162219948	0.845950111391355
0.18124417695449	0.155362453815136	0.0661914877014888	0.5972018815288851	0.820141821232537
0.418515501142878	0.195164693825317	0.0379119619127869	0.34840784311901807	0.799259428972569
0.250436656089962	0.294721827075203	0.098283731724439	0.356557785110396	0.686224145645351
0.131341262321146	0.329509840259782	0.0628028779579269	0.476346019461145	0.661500447429615
0.193065974079433	0.265285511449408	0.0657505598854874	0.47589795458567175	0.717716516165559
0.118335386992692	0.327225198730473	0.051516730741992	0.5029226835348429	0.669367224047163
0.200266517332605	0.180012041666169	0.0452561909833968	0.5744652500178291	0.807680432229961
0.424832692367054	0.142221710805312	0.0105899161154534	0.4223556807121806	0.857121338462393
0.25279881244626	0.161507885887746	0.0611140278677323	0.5245792737982616	0.816795757276006
0.282883798274139	0.180325921974202	0.07799497801961	0.4587953017320491	0.790921586504376
0.349824879947177	0.210425897394417	0.0114950059673411	0.4282542166910649	0.793429333236491
0.263584198084589	0.262091958590309	0.0069309202381995	0.4673929230869025	0.74508179060886
0.283748966523127	0.347370527385561	0.125449723828166	0.24343078226314602	0.633109838376289
0.175547761331555	0.278297607968431	0.068803997985421	0.477350632714593	0.706579525414403
0.184031347540672	0.26059972021537	0.143795940231207	0.4115729920127511	0.697005172581365
0.343053681200247	0.228013968078614	0.035934781640666	0.3929975690804731	0.764972875142052
0.317849648976101	0.272178507462836	0.0391375723959395	0.37083427116512346	0.72385863770314
0.372707751709539	0.28300619582873	0.0299827903423797	0.31430326211935133	0.717245221674721
0.342281962552638	0.102078701385118	0.101208540163608	0.454430795898636	0.857397315077674
0.213911186185871	0.116759219980796	0.126252910504998	0.543076683328335	0.833622812692196
0.315194178793285	0.232479448357375	0.00336853917455791	0.44895783367478204	0.775091998035857
0.174777827513746	0.290328619346032	0.0561147352007369	0.47877881793948524	0.701305561593849
0.206831062049294	0.325868754813936	0.120168230108716	0.347131953028054	0.650034433958379
0.212698993741578	0.216745322134999	0.0549725457514616	0.5155831383719615	0.768653880726178
0.234822773801885	0.262114670152151	0.0643534989705469	0.4387090570754172	0.72213550430284
0.20576740499982	0.335347262011382	0.0709090810420489	0.3879762519467492	0.656631860412032
0.315657116451987	0.234466845415528	0.0685834303657264	0.3812926077667586	0.746453769542693
0.186651982470891	0.199871369574869	0.0922937148777397	0.5211829330765002	0.770661225790068
0.284714193429458	0.264683477658167	0.0556953452244459	0.39490698368792915	0.724584204289526
0.259890420999224	0.197810139166223	0.053816455893047	0.48848298394150597	0.787291213214963
0.208155979617583	0.214023842809677	0.00494187347955737	0.5728783040931826	0.790889476096688
0.242564406045258	0.173064491941467	0.0948351651510918	0.4895359368621832	0.792287608018971
0.269025599184088	0.189427480207409	0.0693613467675648	0.4721855738409383	0.786230593947104
0.302197057145867	0.165542752333307	0.0452000890097468	0.48706010151107915	0.81960164899223
0.323252874264259	0.321675995437726	0.0315834764335286	0.3234876538644863	0.68043983411552
0.159375345457048	0.119367714080111	0.0567432448015454	0.6645136956612956	0.859596631392177
0.276751443406037	0.269748199641051	0.10214036544086	0.351359991512052	0.702708743193205
0.369010372936099	0.240496886672029	0.0266899514771378	0.3638027889147342	0.754725908423958
0.439901365704898	0.114117493418408	0.0393539666639092	0.40662717421278477	0.871314726223888
0.222408570304357	0.101954121029822	0.111655588313316	0.5639817203525049	0.847732183229669
0.117922645949833	0.265032026126409	0.138642828042802	0.47840249988095596	0.699322419310762
0.274616728059621	0.233316454707832	0.0443059850966776	0.44776083213586937	0.757258476990007
0.108992856587958	0.214637438725291	0.0629055305284231	0.6134641741583279	0.767027483129812
0.324617261185613	0.243947295283036	0.05739314699006	0.37404229654129095	0.74244609763423
0.366673704343591	0.258219642436679	0.0323817991712777	0.34272485404845227	0.739385163336667
0.213049860023121	0.191881543268264	0.0815036898205951	0.5135649068880199	0.78002769222515
0.257326269523637	0.336043618010371	0.101266179566513	0.30536393289947894	0.644611355679838
0.408610080243417	0.131577137541224	0.0186701726977537	0.4411426095176053	0.86327183641814
0.295821710827752	0.269691091311941	0.0668538329970712	0.3676333648632358	0.718535830573635
0.275910357043381	0.182875825339131	0.0619939918438398	0.4792198257736483	0.795111224367402
0.109523033213689	0.0810305681862972	0.155289321639328	0.6541570769606859	0.853434793447941
0.222139972350364	0.189703664845665	0.0215362633872673	0.5666200994167037	0.805729092030667
0.331095259527567	0.176156870102104	0.0937695197544242	0.39897835061590475	0.791944225126624
0.272029737080873	0.154224020564423	0.0131642850369307	0.5605819573177733	0.842945676260562
0.0871022541912202	0.202396187902806	0.0698941345904564	0.6406074233155175	0.77562985769108606
0.268882137098768	0.231280286176033	0.0253627843944089	0.4744747923307901	0.76596316342271
0.294713366843219	0.219338538886086	0.0310754196085056	0.4548726746621894	0.774430994294155
0.258065996055314	0.0847040940048041	4.32161117507539e-4	0.6567977488223744	0.911713007550891
0.36901237392735	0.280770788334801	0.0439381212067925	0.3062787165310565	0.714322054234715
0.186499324382945	0.251111406613192	0.015643709482024	0.546745559521839	0.751380802522255
0.277191534723637	0.297121910055883	0.0444608917417335	0.3812256634787465	0.697802391393285
0.278936900135116	0.245230359434483	0.0274998188808772	0.4483329215495237	0.75219232722529
0.240587179822477	0.272212469678244	0.0161210867376979	0.4710792637615811	0.729479289125632
0.442846696966052	0.313608164843377	0.167633119610824	0.07591201857974694	0.656288699717466
0.153393740614604	0.270049318852079	0.0946531071044952	0.48190383342882187	0.702764169522705
0.162683471492949	0.27036161221492	0.112410092259748	0.454544824032383	0.694549286555169
0.219719902549891	0.271928040765668	0.138916764348277	0.36943529233616396	0.695162761991864
0.170282681389966	0.150929245187843	0.00472570712617428	0.6740623662960167	0.846325250886202
0.162224723741676	0.112237168720209	0.141736339144857	0.5838017683932579	0.829588416139515
0.126723232271951	0.295475131445856	0.0645977903968321	0.5132038458853608	0.689762773091177
0.244457604786117	0.186839089582535	0.045144599985491	0.5235587056458569	0.799453614943285
0.193715133680841	0.314796192884837	0.124319712404143	0.36716896103017893	0.656582672387628
0.277782712824397	0.155432423888929	0.0820740857503629	0.4847107775363111	0.816528398081377
0.214628437127319	0.367178999799466	0.0727173637768464	0.34547519929636855	0.622157035247593
0.267716225536587	0.118642799412475	0.0881916126704761	0.5254493623804619	0.844775913391385
0.208761856225651	0.329806039219592	0.0377498910204238	0.42368221353433316	0.668936487066845
0.28987902998848	0.27648230286345	0.0789009422828006	0.3547377248652695	0.706629490537021
0.0412875245735755	0.307955547601873	0.153234374579718	0.4975225532448335	0.65176921933082
0.186653715383077	0.226758434511975	0.0566774962325543	0.5299103538723937	0.757653513642026
0.254187357201962	0.246964874639337	0.103233536078249	0.395614232080452	0.71997722757827
0.195478275559396	0.302073307000445	0.0906969521716231	0.4117514652685359	0.680537994734024
0.167604109692764	0.337882610578321	0.0287961854082962	0.46571709432061886	0.666199978721033
0.257801346813768	0.343164128873783	0.0526098815940154	0.3464246427184336	0.654922580823719
0.296591346337903	0.261847252074864	0.120581027321342	0.32098037426589093	0.706227588451462
0.182682135795406	0.337642013682702	0.0586493958783083	0.4210264546435836	0.65459924594427
0.293214851023558	0.249085369428933	0.0873081795510707	0.37039159999643834	0.730750352396193
0.299727423926078	0.250799936388669	0.0702539323768129	0.3792187073084401	0.732870050646598
0.149464905013874	0.188539782372715	0.0616733864334948	0.6003219261799162	0.790090303936969
0.372217778722006	0.234846994226676	0.0537507565531687	0.3391844704981493	0.752701567498706
0.280735192082312	0.228932915659412	0.0131915795316199	0.4771403127266561	0.772382655766433
0.203352327489571	0.144028294842089	0.0828882485723133	0.5697311290960267	0.823856569115545
0.260036910466732	0.284672203818579	0.121838311035419	0.33345257467927003	0.685042951647377
0.298549589817971	0.298274260802447	0.0429736633955806	0.3602024859840014	0.698278856397453
0.258970585388096	0.0251286027248244	0.0373491338195144	0.6785516780675652	0.951056026481014
0.326716566068014	0.316527857740326	0.0851675818347392	0.27158799435692077	0.670402515870247
0.274152702581214	0.189983213524938	0.0836452018011569	0.4522188820926911	0.782585667938688
0.201193767946475	0.196062087587769	0.0518933562786519	0.5508507881871041	0.788067927293842
0.130663811922547	0.230163891986982	0.122009902292119	0.517162393798352	0.72785040735245
0.30171793261969	0.153613218892493	0.0893423990314294	0.45532644945638767	0.813184068420304
0.255515570896692	0.257992307464534	0.0905372019128806	0.3959549197258933	0.715775187152501
0.366944330854086	0.155188793682189	0.0477207724055738	0.43014610305815115	0.829846071411621
0.224420714438522	0.241862221383323	0.0785431071346656	0.4551739570434894	0.73488057543662
0.300743108045091	0.161330783304267	0.0304685222147451	0.5074575864358969	0.829315829454294
0.359684877493402	0.184917626346648	0.0458146371856664	0.40958285897428354	0.802433052040667
0.212679663012305	0.0938821378477432	0.0715780509305771	0.6218601482093746	0.8733707167265
0.297050141840901	0.267019356875523	0.0304588606474497	0.4054716406361263	0.731200461680357
0.215304655929611	0.242618598358877	0.0570429540882856	0.4850337916232264	0.745275186442648
0.0177882127089733	0.253497359072884	0.0542251347726015	0.6744892934455411	0.734465828588587
0.281228869460467	0.242576665807773	0.0794913054652742	0.39670315926648575	0.733176734520612
0.193243198515337	0.300354988505147	0.0799714064821021	0.4264304064974139	0.687364156818667
0.309450831959218	0.359319842494602	0.125242694089698	0.20598663145648202	0.622486225594556
0.341582310054673	0.233420537229332	0.050404238421375	0.37459291429462005	0.755866984263608
0.219349707200222	0.169998582572651	0.0743413909510955	0.5363103192760316	0.804186628475733
0.273565488105342	0.193587075786995	0.0591181160556389	0.47372932005202417	0.787503421927821
0.389825311248301	0.219969485425713	0.0341927045423387	0.35601249878364727	0.77364942214943
0.0631064089118265	0.182011235534467	0.0267223281584006	0.7281600273953059	0.812146951468219
0.289240035098048	0.294928127947938	0.0825236463490065	0.33330819060500755	0.685721134238245
0.133409648131284	0.143803543330736	0.0386396363185248	0.6841471722194552	0.840155784377073
0.312203115382289	0.30025029176342	0.0649683074192494	0.3225782854350415	0.690216318925912
0.244274235391919	0.324331611350262	0.182353191703992	0.24904096155382704	0.636391312216084
0.323356006369746	0.316219063155982	0.070114672296773	0.29031025817749895	0.67543110433927
0.143960223989633	0.288073858184881	0.0898782133608366	0.4780877044646493	0.695911291513913
0.269608382144748	0.247979062553194	0.0592835930023224	0.42312896229973557	0.740225684975568
0.163037154228069	0.285023834129371	0.0618157969471201	0.4901232146954399	0.706065366914692
0.262028745565511	0.175212301217298	0.0534762207401249	0.509282732477066	0.807834846375194
0.347622449791283	0.309270814190527	0.0669975055258498	0.27610923049234026	0.678807685598246
0.284450940055879	0.31433428725514	0.133416419359114	0.267798353329867	0.657909641718726
0.340194184655081	0.294344214426214	0.0861687559677961	0.2792928449509089	0.68878148631306
0.352284592888413	0.233881506871892	0.118666678418998	0.2951672218206969	0.730218156243634
0.096783799712309	0.303235060207003	0.0726406280638106	0.5273405120168775	0.68193571928347
0.127635888553996	0.084451882611601	0.085266835271527	0.702645393562876	0.87350623216617
0.0771690646160424	0.209659089532162	0.0629681119053411	0.6502037339464546	0.770137219228957
0.248374547634517	0.144561783141501	0.047692260989472	0.55937140823451	0.837147655468209
0.153621888710499	0.147728869458383	0.0420302312793338	0.6566190105517842	0.838397666646797
0.182847897294657	0.374809564445417	0.0641089295603515	0.37823360869957445	0.620972792425153
0.0474343697005741	0.378765361632108	0.137134603361431	0.4366656653058868	0.598301640664762
0.409399887004645	0.385205708024801	0.0194515476181551	0.1859428573523989	0.625521858978318
0.360864608526125	0.150939601648556	0.0556112231758694	0.43258456664944955	0.826333655245224
0.155975908252387	0.177672569365912	0.113190583704839	0.5531609386768619	0.780584907451956
0.230650452601311	0.342445585636855	0.0354025559241329	0.3915014058377011	0.660097943800753
0.25170257778968	0.188747677680786	0.0507055537769905	0.5088441907525435	0.796184107387694
0.258925591082763	0.300653810826306	0.05573088752954	0.384689710561391	0.691308676378331
0.197230345283945	0.132001097685133	0.0926754235880847	0.5780931334428373	0.828300152739416
0.21071394733805	0.123519385502242	0.0737064448733164	0.5920602222863918	0.847464859088645
0.156373035432043	0.27965801550786	0.0371768440945273	0.5267921049655697	0.713938482572925
0.207726227304023	0.36249016937809603	0.0606474529759625	0.36913615034191843	0.632921993926339
0.16430733234843	0.229099306490067	0.0580336564839364	0.5485597046775667	0.755010942312914
0.278282699590023	0.220226097376612	0.0752478272213274	0.42624337581203764	0.756304136593289
0.347546462055876	0.310241687279789	0.0696935962382715	0.2725182544260635	0.682629513527002
0.19483015109428	0.206043732845872	0.0559138230325273	0.5432122930273207	0.777585519449245
0.329149658944922	0.245341904256482	0.0505671395049979	0.3749412972935981	0.743679684590264
0.241880376099144	0.326127243351642	0.157461478406422	0.27453090214279197	0.641070683850378
0.330334759451554	0.252007074285353	0.036936475661063	0.38072169060203	0.741209744778784
0.12148798145263	0.234313670606908	0.0609569590186926	0.5832413889217695	0.748294141544485
0.376282669272799	0.245699031551196	0.0128718619395087	0.36514643723649637	0.759535850852238
0.136955635343278	0.189986058592026	0.0230166463797756	0.6500416596849203	0.803120803002736
0.0920008453660723	0.186012142046264	0.0302975546043542	0.6916894579833094	0.804756518118079
0.305204355949838	0.186031904912773	0.0128180288443535	0.4959457102930354	0.813385475245874
0.311835013448738	0.297962195703086	0.0381419135832197	0.3520608772649563	0.700158756494926
0.0108150069113703	0.335626450535148	0.215039813985251	0.4385187285682308	0.614317391202228
0.40521329140534	0.191583519217365	0.0759139957462934	0.3272891936310016	0.784477937620905
0.296871910742957	0.209278671564022	0.0372074400912554	0.4566419776017656	0.782142168695048
0.238554887521501	0.261430183656307	0.0373240724146888	0.4626908564075032	0.733759056670387
0.179729692188829	0.319349019528144	0.111403320571337	0.38951796771169006	0.660833483610548
0.147572853830674	0.266179883911787	0.096412957947548	0.489834304309991	0.708614837794684
0.261778573561039	0.160563650445404	0.0791147030249606	0.49854307296859646	0.813265613463027
0.20967577971408	0.321776539494804	0.130877893241377	0.337669787549739	0.651263540117306
0.257066306224556	0.133460816517603	0.0324240961982713	0.5770487810595697	0.853814609997776
0.40761301854658	0.13997359548242	0.0243311436668693	0.42808224230413067	0.852322408223868
0.137846231225375	0.318998468619128	0.0542774221726435	0.4888778779828534	0.67681894015925
0.113055590924656	0.126025778162294	0.0968412679136358	0.6640773629994142	0.834008122716338
0.353767549112602	0.333939207061427	0.138087335471671	0.1742059083543	0.641102118074751
0.288777654300517	0.230727099395921	0.0405187966462417	0.43997644965732036	0.761377816408365
0.430300811590482	0.165670265705405	0.0226889360081308	0.3813399866959821	0.829835721324095
0.0884798445992107	0.219752028192005	0.0483609787124733	0.6434071484963111	0.76590222013488
0.313436179646587	0.27315987731198	0.0848279155297646	0.3285760275116684	0.709763893990196
0.115815101447559	0.0674414011225175	0.052448749739505	0.7642947476904185	0.90784883749252
0.254442175876479	0.16358486329899	0.0118779775445572	0.5700949832799738	0.835642998903872
0.323745683328035	0.170788292800799	0.0387255187568877	0.46674050511427834	0.818283384916625
0.458787688176686	0.268735803866299	0.0481962674721441	0.22428024048487089	0.726223477590708
0.370483629033226	0.174331803265689	0.0273791372142607	0.42780543048682423	0.819494047109288
0.127949771545695	0.274705538049236	0.0867236189269941	0.5106210714780749	0.705335119195446
0.0111964800220545	0.292853646388971	0.106617806468151	0.5893320671208234	0.67908447677128
0.157136819132234	0.155018109719151	0.0806599144503459	0.6071851566982691	0.815142363300776
0.155012696698761	0.19987914226193	0.124097418988225	0.521010742051084	0.756194324034481
0.227244819827844	0.330428718969499	0.0479464689460655	0.3943799922565914	0.66482644341547
0.371080542125405	0.296644600925423	0.0332906639317418	0.29898419301743023	0.70646863559982
0.373802711377551	0.256276925365833	0.0550909393209209	0.314829423935695	0.733159818456576
0.237519086024277	0.171629862382146	0.0152767816965432	0.5755742698970338	0.823519514440824
0.190893179889976	0.279787216262879	0.047548846729497	0.48177075711764805	0.711236313473522
0.302899797565036	0.204138513649852	0.00328728753647972	0.4896744012486322	0.800247683689234
0.245917878188295	0.367783583798404	0.106874237296053	0.279424300717248	0.617934716256108
0.338246451343036	0.184467267135526	0.0736610974750991	0.40362518404633896	0.790340948864646
0.262514417083948	0.316987535199602	0.0809123156477329	0.33958573206871717	0.667769969755846
0.25157977907362	0.345990177423718	0.135731586213161	0.2666984572895009	0.631794297201504
0.408140406744354	0.194629583736781	0.0159329679945908	0.3812970415242743	0.806781313782756
0.174676225963042	0.244355832376191	0.120822625070863	0.46014531658990404	0.719926030081542
0.477054165393384	0.345525505140601	0.0411429941247121	0.13627733534130296	0.659210029978299
0.305211171965961	0.143918512605667	0.0250668316727079	0.5258034837556642	0.846004617253399
0.289343263674102	0.11421462298376	0.0712122281489637	0.5252298851931744	0.854355607751287
0.171440829863688	0.131237297641838	0.0795829643067305	0.6177389081877435	0.837894650827027
0.128248965062137	0.188985949732271	0.120490588569542	0.56227449663605	0.770716236129422
0.133049849535068	0.193534756869229	0.0735446171539574	0.5998707764417456	0.780987879846726
0.064934207095294	0.257776531522406	0.0890310472116298	0.5882582141706703	0.719276211988441
0.253149238745947	0.321592651531958	0.062037813824161	0.3632202958979339	0.670849320832432
0.0793007985531581	0.0817203274506632	0.145678512643783	0.6933003613523958	0.855975545022182
0.25029677417511	0.218768294212759	0.0243363973005708	0.5065985343115602	0.779363450706509
0.0707751149603484	0.225583779120467	0.120602696605115	0.5830384093140696	0.735750698279824
0.198305273295368	0.287817924410294	0.141051260166184	0.3728255421281539	0.676370957299512
0.245631186345288	0.265592885648004	0.10350938098096	0.385266547025748	0.703183043689862
0.299722432154689	0.343071524888561	0.0946575551302649	0.2625484878264851	0.643693042867712
0.38026745836214	0.148308566739899	0.0879613993467245	0.38346257555123653	0.819593973148933
0.31287246877277203	0.194823011376861	0.0777725957788776	0.4145319240714894	0.781245825071348
0.240091940825835	0.339999822530859	0.075681072503585	0.3442271641397211	0.648712681402997
0.160829141205815	0.287338045492095	0.0875907920319197	0.4642420212701703	0.691908084144951
0.313262915379165	0.264215211454034	0.0979752936227361	0.32454657954406485	0.70682807428514
0.292906515221427	0.397259998248193	0.23830996215564	0.07152352437474002	0.559487191668263
0.141066139313992	0.369976651026385	0.0800653998711819	0.4088918097884411	0.621370843176143
0.265464587971115	0.365756244030505	0.102883102583445	0.26589606541493493	0.620805317427448
0.274237000430285	0.334277490713161	0.0730229861984435	0.31846252265811054	0.653358637375394
0.164758783169945	0.325642039852442	0.0581178098324194	0.45148136714519366	0.669083944087974
0.197866401066948	0.357298314770902	0.117061828858858	0.327773455303292	0.62416637231518
0.252308150625464	0.269875179778689	0.0184873014529593	0.4593293681428876	0.734041590255022
0.172489427419084	0.257567342597489	0.1123749062032	0.45756832378022705	0.708446896527929
0.493620051530662	0.163289877552159	0.0104626348298563	0.33262743608732265	0.837551661732891
0.160516139885085	0.254403529524077	0.129401984510299	0.4556783460805391	0.714266567372655
0.38846352932847	0.119188693479078	0.0635119717772096	0.42883580541524247	0.853746358836069
0.213722832623843	0.326436468148794	0.046663871800822	0.41317682742654105	0.667128766423131
0.282641527404048	0.154345237304195	0.0750759382054724	0.4879372970862845	0.818326540711299
0.250525091180472	0.340625635360271	0.0906942688616474	0.31815500459760965	0.644761091911708
0.186843101483478	0.268318717508363	0.0398143204230341	0.5050238605851249	0.728346231323458
0.34680536761432	0.299972156718764	0.0496314848814295	0.3035909907854865	0.697650784377765
0.0884827301803823	0.223377614441005	0.0960095162964551	0.5921301390821576	0.748645977530405
0.183679101394357	0.253584991264736	0.0683797002195973	0.4943562071213097	0.733176667465653
0.169317693906568	0.327939390511636	0.0211575544684085	0.48158536111338746	0.676954131561068
0.142256749715115	0.285969172441692	0.0455622712709238	0.5262118065722692	0.708437604390529
